%Labskaus measurement data log.
var(1).name = 'u16_ADCvoltage1';
var(1).unit = 'mV';
var(1).value = [1059,1092,1052,1060,1055,1060,1049,1056,1055,1056,1052,1060,1088,1090,1048,1082,1059,1082,1053,1052,1081,1081,1085,1058,1086,1086,1080,1052,1052,1056,1046,1054,1064,1058,1090,1056,1090,1051,1044,1042,1060,1061,1090,1080,1081,1078,1080,1042,1084,1087,1068,1058,1047,1092,1044,1082,1054,1046,1080,1051,1085,1043,1053,1090,1048,1053,1092,1055,1045,1080,1046,1060,1046,1052,1058,1065,1047,1044,1056,1060,1047,1059,1089,1086,1085,1062,1053,1085,1056,1051,1044,1054,1090,1052,1050,1058,1078,1060,1060,1089,1085,1056,1050,1056,1057,1090,1080,1056,1045,1081,1083,1058,1043,1088,1043,1089,1057,1087,1058,1047,1051,1081,1070,1046,1058,1082,1058,1044,1061,1080,1051,1048,1085,1089,1053,1094,1080,1044,1049,1053,1047,1069,1077,1044,1046,1064,1054,1052,1046,1048,1043,1079,1088,1056,1053,1060,1088,1091,1060,1078,1077,1086,1080,1094,1089,1090,1053,1060,1056,1056,1064,1086,1045,1047,1046,1046,1086,1047,1043,1086,1061,1044,1057,1085,1087,1079,1049,1056,1087,1050,1090,1052,1085,1094,1054,1058,1074,1043,1063,1054,1088,1085,1088,1094,1086,1082,1056,1048,1058,1090,1058,1039,1051,1079,1090,1046,1054,1053,1053,1048,1059,1073,1069,1053,1085,1094,1083,1058,1078,1082,1056,1051,1095,1085,1051,1054,1048,1086,1052,1061,1049,1047,1084,1090,1076,1050,1082,1051,1048,1085,1056,1089,1045,1061,1053,1088,1088,1081,1094,1054,1060,1065,1044,1085,1053,1046,1057,1081,1047,1056,1061,1084,1046,1071,1051,1048,1090,1051,1048,1052,1052,1056,1085,1092,1068,1092,1047,1080,1052,1046,1058,1048,1054,1078,1046,1043,1058,1084,1053,1089,1085,1055,1051,1051,1053,1043,1080,1051,1059,1050,1059,1085,1089,1040,1088,1088,1070,1045,1052,1094,1056,1047,1078,1052,1051,1054,1044,1047,1086,1043,1088,1046,1056,1047,1042,1082,1051,1051,1053,1077,1085,1090,1045,1048,1084,1056,1051,1056,1042,1052,1061,1057,1080,1080,1055,1048,1061,1053,1054,1048,1061,1082,1089,1046,1048,1066,1045,1080,1043,1053,1094,1050,1054,1044,1090,1082,1060,1053,1088,1052,1044,1047,1050,1085,1053,1088,1086,1079,1066,1078,1083,1082,1065,1094,1050,1088,1093,1044,1047,1091,1058,1043,1090,1053,1062,1058,1049,1052,1060,1092,1077,1050,1048,1055,1065,1051,1090,1095,1084,1049,1050,1064,1046,1083,1053,1085,1057,1090,1048,1081,1081,1050,1061,1084,1085,1042,1082,1046,1092,1048,1046,1056,1055,1052,1083,1048,1051,1081,1057,1080,1077,1061,1077,1084,1049,1088,1047,1047,1080,1050,1062,1056,1046,1086,1085,1042,1052,1083,1054,1055,1046,1081,1049,1094,1054,1052,1088,1060,1046,1090,1051,1052,1042,1054,1090,1089,1047,1045,1048,1056,1044,1049,1058,1058,1055,1084,1056,1093,1080,1051,1051,1086,1048,1055,1082,1078,1054,1062,1055,1046,1092,1052,1080,1051,1090,1058,1076,1060,1048,1056,1051,1065,1058,1058,1054,1043,1094,1052,1048,1086,1090,1053,1051,1061,1056,1059,1060,1052,1080,1089,1049,1048,1046,1081,1051,1060,1050,1060,1047,1052,1083,1051,1083,1078,1057,1056,1051,1090,1054,1060,1058,1050,1089,1048,1056,1092,1048,1059,1047,1060,1062,1090,1042,1082,1086,1061,1079,1094,1089,1049,1051,1085,1082,1064,1047,1050,1054,1056,1045,1044,1046,1058,1094,1052,1051,1054,1090,1058,1062,1055,1061,1082,1082,1048,1057,1080,1044,1080,1051,1067,1046,1062,1052,1045,1049,1053,1076,1086,1074,1059,1085,1080,1043,1092,1082,1053,1048,1086,1088,1085,1052,1053,1053,1075,1093,1056,1063,1049,1047,1083,1081,1072,1051,1045,1048,1056,1051,1083,1050,1054,1046,1045,1062,1085,1051,1074,1044,1087,1041,1056,1078,1094,1093,1083,1062,1060,1082,1083,1094,1050,1084,1072,1043,1053,1090,1065,1057,1090,1052,1052,1086,1091,1086,1048,1054,1088,1052,1051,1074,1051,1041,1052,1053,1062,1056,1052,1058,1091,1060,1043,1050,1094,1086,1091,1060,1051,1047,1084,1046,1090,1052,1048,1051,1079,1059,1047,1084,1093,1048,1046,1048,1076,1083,1084,1084,1086,1075,1090,1053,1088,1074,1067,1064,1062,1090,1062,1048,1056,1084,1084,1081,1056,1061,1052,1053,1080,1048,1084,1047,1053,1092,1092,1058,1083,1064,1053,1048,1043,1060,1080,1083,1048,1076,1092,1085,1080,1075,1094,1048,1054,1084,1080,1086,1061,1050,1064,1086,1046,1086,1082,1078,1054,1092,1086,1088,1052,1049,1055,1093,1088,1086,1052,1044,1066,1062,1048,1046,1056,1053,1083,1080,1052,1089,1090,1051,1084,1085,1056,1081,1058,1088,1050,1043,1076,1056,1087,1090,1086,1058,1056];
