%Labskaus measurement data log.
var(1).name = 'u16_ADCvoltage1';
var(1).unit = 'mV';
var(1).value = [1050,1052,1051,1054,1048,1094,1056,1086,1060,1053,1044,1080,1092,1085,1094,1051,1075,1054,1052,1047,1051,1046,1089,1052,1063,1050,1052,1088,1056,1049,1057,1058,1053,1052,1053,1057,1055,1090,1047,1092,1047,1047,1083,1054,1084,1052,1093,1043,1056,1089,1058,1088,1049];
var(1).time  = [0.061818981,0.265683692,0.470147071,0.676287714,0.882019601,1.090064197,1.293389266,1.499049442,1.701648172,1.906002962,2.112817941,2.318822239,2.526060539,2.731664046,2.937621855,3.144277538,3.348877729,3.554425393,3.760442863,3.966462251,4.175260781,4.378816566,4.582309097,4.786667675,4.992459716,5.198456032,5.404361525,5.608308870,5.811376034,6.016275603,6.221899571,6.427963274,6.635380955,6.841513754,7.047753024,7.252835758,7.456643396,7.663188765,7.869024270,8.076184705,8.279764887,8.484358217,8.693783703,8.899812219,9.106510380,9.312492251,9.517483869,9.721136435,9.925665253,10.131229888,10.334684529,10.541902030,10.745208641];

var(2).name = 'u16_ADCvoltage2';
var(2).unit = 'mV';
var(2).value = [2974,2989,2993,2985,3001,2990,2993,2987,2987,2985,2976,3001,2998,2976,3007,3003,2991,2991,3007,2988,3001,2999,3007,3001,2998,2990,2986,2977,3006,2999,3010,2985,2997,2980,2994,2997,2988,2998,2992,2989,3005,3007,2973,2998,2988,2996,3000,2993,3003,3014,2976,2978,3009];
var(2).time  = [0.102688493,0.306341016,0.511396880,0.717457852,0.923239826,1.130725684,1.334122710,1.539503985,1.742313037,1.947810360,2.153993435,2.359990296,2.567234694,2.772872879,2.978797740,3.185494595,3.389541307,3.595642110,3.801637371,4.011489706,4.215938345,4.419478026,4.622966692,4.827848187,5.033588240,5.239648611,5.445531223,5.648811046,5.852035513,6.057440898,6.263063855,6.469117551,6.676622874,6.882722707,7.088885330,7.293488816,7.498382215,7.704204714,7.910239424,8.117135444,8.320419750,8.529174003,8.734993909,8.941027530,9.147741303,9.353764109,9.557993679,9.762187040,9.966594075,10.171979545,10.375356070,10.582565602,10.785854910];

var(3).name = 'u16_ADCvoltage3';
var(3).unit = 'mV';
var(3).value = [2936,2939,2958,2950,2976,2950,2942,2955,2956,2943,2954,2954,2959,2921,2947,2952,2948,2940,2958,2954,2944,2937,2949,2956,2961,2954,2958,2950,2958,2966,2963,2954,2971,2951,2948,2966,2942,2950,2942,2920,2952,2956,2968,2947,2938,2939,2940,2962,2943,2954,2958,2946];
var(3).time  = [0.143554771,0.346994906,0.552614062,0.758640954,0.964410934,1.171386937,1.375292180,1.579921435,1.782973408,1.989595250,2.195202535,2.401163441,2.608449377,2.814082180,3.020643438,3.226723547,3.430424744,3.636860655,3.842864595,4.052686129,4.256593405,4.460174302,4.663622245,4.869012820,5.074800233,5.280825692,5.486701405,5.689403964,5.892867359,6.098518273,6.304300562,6.511781724,6.717813418,6.923900724,7.130032790,7.334143454,7.539576796,7.745432544,7.951403378,8.157794161,8.361072891,8.570395581,8.776202482,8.982234662,9.188943695,9.394811251,9.598679675,9.803194517,10.009129378,10.212677818,10.416018456,10.623224767];

var(4).name = 'u16_ADCvoltage4';
var(4).unit = 'mV';
var(4).value = [2941,2927,2945,2943,2943,2963,2963,2949,2952,2956,2935,2950,2948,2946,2937,2935,2946,2975,2940,2937,2956,2957,2932,2963,2957,2937,2939,2964,2936,2935,2937,2955,2967,2934,2943,2953,2937,2921,2940,2956,2949,2927,2959,2946,2933,2941,2935,2959,2931,2939,2946,2950];
var(4).time  = [0.184275267,0.387784009,0.593898105,0.799820473,1.008505800,1.212045404,1.416239915,1.620338144,1.823857779,2.030722628,2.236424548,2.442066589,2.649561337,2.855232804,3.061906838,3.267565195,3.471669281,3.678068803,3.884061324,4.093853448,4.297389977,4.500776708,4.704359120,4.910210688,5.115994955,5.321949512,5.527494257,5.730062003,5.934079954,6.139465558,6.345526136,6.552961038,6.759060301,6.965098164,7.170960073,7.374816277,7.580782442,7.786592399,7.993083517,8.198451866,8.401956221,8.611388191,8.817385516,9.024098602,9.230101723,9.435432110,9.639367592,9.844016959,10.049907676,10.253335737,10.456829742,10.663881895];

var(5).name = 'u8_Gain_CH1';
var(5).unit = 'mV';
var(5).value = [1,1,1,1,1,1,1,1,1,1,1,1,1,1,1,1,1,1,1,1,1,1,1,1,1,1,1,1,1,1,1,1,1,1,1,1,1,1,1,1,1,1,1,1,1,1,1,1,1,1,1,1];
var(5).time  = [0.224949501,0.428992511,0.635078781,0.840800375,1.049392337,1.252733763,1.457424620,1.660958932,1.865032996,2.071833282,2.277622162,2.484752109,2.690520819,2.896430325,3.103056503,3.308222339,3.513164956,3.719279911,3.925271399,4.134603571,4.338157153,4.541651191,4.745539067,4.951422755,5.157183938,5.363151640,5.567900325,5.770716842,5.975216229,6.180723173,6.386734283,6.594168001,6.800285748,7.006547134,7.212105555,7.415470060,7.621989470,7.827815226,8.034972411,8.239106678,8.443142178,8.652604885,8.858596791,9.065315556,9.271313509,9.476170751,9.680126810,9.884770260,10.090572674,10.294026147,10.501044827,10.704542025];

