%Labskaus measurement data log.
var(1).name = 'u16_ADCvoltage1';
var(1).unit = 'mV';
var(1).value = [1059,1094,1054,1090,1043,1055,1052,1056,1057,1050,1046,1044,1057,1048,1046,1041,1061];
var(1).time  = [0.062244577,0.265760991,0.469100033,0.673076167,0.877485602,1.081400846,1.285976496,1.491753071,1.695101201,1.899367364,2.105737219,2.309770681,2.513496879,2.717363192,2.920148208,3.124580453,3.327985706];

var(2).name = 'u16_ADCvoltage2';
var(2).unit = 'mV';
var(2).value = [2984,2995,2984,3003,2990,3002,3020,2998,2991,2983,2992,2990,2979,2996,2982,3018,2993];
var(2).time  = [0.103019820,0.306424480,0.510202422,0.713964973,0.918153122,1.122033721,1.327177377,1.532532228,1.735742627,1.940640629,2.146735939,2.350428888,2.554445806,2.757889931,2.960803952,3.165300409,3.368660530];

var(3).name = 'u16_ADCvoltage3';
var(3).unit = 'mV';
var(3).value = [2946,2953,2956,2948,2953,2937,2977,2958,2942,2966,2954,2947,2940,2914,2932,2934,2942];
var(3).time  = [0.143689549,0.347094131,0.551088162,0.754818598,0.958804703,1.162685487,1.368492440,1.573200403,1.776323956,1.981935988,2.187686234,2.391069832,2.595465190,2.798386838,3.002225971,3.206001967,3.409323324];

var(4).name = 'u16_ADCvoltage4';
var(4).unit = 'mV';
var(4).value = [2941,2931,2964,2951,2953,2947,2956,2932,2959,2933,2953,2952,2953,2950,2944,2965];
var(4).time  = [0.184380811,0.387764604,0.591658478,0.795810166,0.999873990,1.203562071,1.409710183,1.613836921,1.816957607,2.023538907,2.228457339,2.431703984,2.636293898,2.839011253,3.043022190,3.246669558];

var(5).name = 'u8_Gain_CH1';
var(5).unit = 'mV';
var(5).value = [1,1,1,1,1,1,1,1,1,1,1,1,1,1,1,1];
var(5).time  = [0.225040784,0.428435860,0.632224892,0.836709989,1.040720095,1.244776704,1.450643833,1.654467400,1.858141286,2.064629696,2.269107407,2.472420332,2.676856570,2.879535628,3.083728769,3.287330360];

