%Labskaus measurement data log.
var(1).name = 'u16_ADCvoltage1';
var(1).unit = 'mV';
var(1).value = [1047,1076,1059,1085,1052,1054,1090,1052,1057,1049,1052,1061,1060,1047,1064,1044,1091,1046,1094,1082,1054,1090,1090,1059,1042,1092,1044,1073,1079,1046,1085,1056,1086,1046,1081,1088,1091,1042,1045,1056,1088,1057,1048,1044,1084,1083,1044,1081,1091,1052,1049,1050,1085,1052,1088,1062,1091,1056,1050,1088,1075,1047,1063,1049,1082,1094,1078,1080,1089,1085,1083,1079,1056,1088,1047,1094,1059,1043,1087,1061,1076,1044,1060,1091,1060,1056,1061,1049,1054,1094,1056,1088,1043,1081,1085,1046,1086,1042,1056,1047,1083,1048,1070,1085,1059,1056,1056,1051,1047,1054,1054,1091,1082,1095,1048,1047,1051,1052,1051,1047,1066,1053,1094,1044,1046,1046,1089,1094,1086,1062,1050,1084,1050,1051,1061,1087,1086,1056,1047,1085,1056,1084,1090,1042,1090,1047,1078,1051,1088,1048,1085,1047,1042,1094,1086,1065,1094,1045,1090,1052,1087,1048,1082,1053,1042,1046,1054,1048,1089,1048,1094,1080,1062,1055,1056,1048,1088,1056,1090,1049,1051,1076,1053,1043,1094,1055,1066,1047,1052,1045,1081,1089,1046,1061,1094,1053,1093,1053,1086,1049,1080,1050,1046,1056,1058,1060,1050,1085,1048,1058,1052,1081,1088,1043,1041,1083,1043,1061,1056,1053,1044,1056,1042,1054,1082,1060,1081,1052,1092,1042,1044,1052,1055,1080,1057,1056,1081,1068,1095,1047,1093,1076,1056,1052,1086,1055,1082,1047,1056,1054,1086,1046,1056,1082,1051,1084,1049,1049,1056,1089,1081,1056,1053,1090,1086,1091,1052,1062,1059,1056,1088,1085,1059,1078,1047,1077,1083,1047,1044,1051,1048,1080,1056,1052,1083,1048,1048,1051,1044,1052,1090,1048,1048,1094,1093,1063,1090,1044,1050,1055,1048,1055,1044,1049,1042,1046,1046,1059,1052,1088,1044,1087,1045,1044,1047,1092,1056,1044,1081,1061,1081,1095,1082,1044,1055,1048,1090,1052,1084,1086,1054,1044,1052,1080,1075,1044,1088,1076,1048,1051,1082,1094,1048,1056,1052,1052,1084,1048,1079,1056,1069,1045,1056,1059,1049,1065,1093,1052,1059,1043,1053,1085,1048,1044,1044,1046,1083,1054,1041,1048,1056,1083,1054,1044,1085,1088,1064,1060,1049,1058,1082,1060,1065,1062,1054,1061,1055,1053,1090,1058,1041,1050,1054,1088,1078,1048,1052,1048,1056,1076,1053,1045,1050,1056,1082,1047,1084,1043,1064,1046,1064,1041,1056,1053,1084,1062,1086,1059,1079,1082,1050,1090,1050,1086,1089,1084,1048,1082,1048,1096,1088,1083,1058,1080,1050,1048,1050,1056,1047,1073,1095,1044,1046,1092,1094,1047,1053,1056,1057,1087,1054,1045,1046,1054,1047,1081,1047,1085,1045,1053,1088,1093,1086,1082,1059,1089,1094,1048,1079,1085,1092,1071,1062,1052,1046,1048,1091,1050,1048,1073,1049,1053,1084,1052,1090,1087,1053,1075,1044,1060,1053,1059,1046,1051,1056,1044,1056,1050,1044,1088,1050,1060,1053,1060,1047,1081,1050,1054,1083,1049,1080,1048,1058,1053,1043,1090,1047,1062,1051,1048,1059,1051,1093,1051,1090,1055,1049,1058,1074,1054,1085,1052,1056,1046,1049,1087,1050,1050,1054,1049,1055,1061,1081,1088,1051,1053,1090,1050,1047,1056,1058,1056,1050,1046,1093,1058,1048,1091,1085,1089,1048,1069,1048,1056,1086,1042,1087,1065,1082,1066,1090,1050,1094,1048,1043,1088,1062,1080,1078,1049,1058,1051,1055,1084,1094,1082,1087,1062,1047,1080,1048,1093,1052,1060,1051,1059,1046,1054,1054,1052,1051,1094,1041,1053,1058,1058,1041,1080,1077,1088,1046,1059,1050,1078,1072,1076,1086,1081,1056,1061,1078,1083,1051,1052,1042,1085,1056,1066,1094,1061,1061,1048,1056,1032,1056,1050,1052,1065,1079,1083,1084,1048,1058,1044,1070,1048,1070,1044,1060,1082,1044,1060,1080,1049,1048,1082,1044,1081,1056,1052,1049,1055,1094,1086,1056,1052,1061,1048,1043,1060,1070,1048,1087,1091,1047,1082,1048,1068,1058,1086,1080,1066,1063,1092,1076,1045,1045,1062,1058,1051,1046,1058,1084,1057,1054,1042,1091,1086,1061,1059,1087,1043,1082,1043,1044,1093,1046,1098,1054,1063,1051,1090,1056,1094,1053,1052,1052,1044,1055,1080,1066,1051,1085,1057,1081,1056,1082,1082,1048,1081,1081,1088,1060,1047,1049,1054,1057,1093,1050,1057,1042,1051,1062,1065,1085,1092,1054,1050,1086,1076,1054,1062,1054,1056,1045,1085,1048,1061,1058,1043,1051,1080,1044,1048,1058,1053,1050,1089,1046,1057,1042,1056,1047,1042,1054,1047,1082,1054,1060,1056,1087,1046,1054,1047,1095,1089,1045,1097,1047,1087,1081,1094,1044,1050,1083,1062,1047,1094,1076,1048,1055,1056,1095,1048,1084,1043,1059,1076,1055,1065,1060,1046,1082,1084,1051,1048,1046,1049,1052,1085,1078,1045,1082,1050,1062,1052,1050,1049,1076,1062,1086,1090,1060,1061,1056,1048,1059,1060,1052,1094,1048,1084,1093,1052,1047,1053,1045,1087,1065,1083,1044,1048,1082,1094,1056,1088,1061,1049,1048,1084,1051,1050,1085,1044,1054,1083,1054,1050,1044,1080,1061,1084,1077,1051,1044,1052,1051,1056,1044,1057,1081,1047,1053,1048,1047,1048,1046,1056,1064,1051,1095,1068,1052,1047,1044,1060,1060,1084,1094,1081,1059,1081,1048,1054,1095,1083,1050,1048,1085,1087,1060,1044,1050,1090,1055,1048,1095,1058,1094,1089,1048,1057,1051,1056,1051,1088,1094,1048,1089,1048,1056,1046,1080,1088,1046,1046,1047,1056,1053,1056,1055,1094,1060,1049,1049,1082,1076,1060,1046,1041,1053,1044,1056,1057,1063,1082,1053,1089,1051,1057,1061,1052,1052,1048,1086,1053,1048,1081,1054,1079,1086,1042,1058,1080,1054,1051,4212,4336,4376,4340,4212,4208,4240,4184,4192,4204,4328,4240,4296,4204,4232,4336,4192,4368,4212,4232,4204,4348,4364,4320,4244,4280,4312,4212,4224,4192,4356,4212,4240,4352,4236,4192,4220,4188,4372,4196,4360,4224,4204,4340,4332,4224,4172,4316,4360,4316,4224,4260,4228,4376,4224,4200,4376,4332,4260,4264,4188,4232,4240,4208,4216,4196,4376,4340,4360,4220,4224,4236,4320,4176,4208,4176,4188,4224,4232,4208,4196,4244,4256,4244,4224,4208,4336,4332,4336,4228,4228,4188,4188,4188,4324,4184,4336,4344,4352,4204,4224,4340,4192,4256,4212,4204,4352,4356,4200,4332,4232,4200,4176,4320,4336,4252,4340,4364,4364,4340,4320,4208,4192,4328,4344,4224,4188,4172,4236,4368,4208,4312,4376,4244,4184,4256,4220,4376,4228,4240,4328,4320,4340,4356,4216,4204,4208,4324,4196,4324,4208,4224,4340,4356,4192,4232,4192,4212,4212,4324,4224,4212,4176,4200,4200,4360,4172,4336,4184,4176,4304,4352,4212,4240,4212,4244,4192,4176,4180,4208,4236,4260,4204,4208,4372,4336,4192,4228,4320,4368,4184,4232,4328,4216,4172,4344,4200,4272,4324,4360,4340,4172,4304,4364,4340,4216,4264,4232,4368,4324,4240,4204,4216,4236,4196,4340,4232,4212,4204,4216,4364,4192,4256,4240,4244,4224,4176,4360,4244,4268,4352,4368,4208,4352,4224,4212,4224,4360,4296,4184,4212,4340];
