%Labskaus measurement data log.
var(1).name = 'u16_ADCvoltage3';
var(1).unit = 'mV';
var(1).value = [2946,2962,2930,2946,2944,2936,2932,2926,2936,2963,2948,2933,2934];
var(1).time  = [0.061529600,0.306234298,0.554357315,0.801486870,1.049100654,1.293566163,1.541761691,1.789320895,2.037151069,2.282373432,2.529430084,2.773709534,3.020848372];

var(2).name = 'u16_ADCvoltage4';
var(2).unit = 'mV';
var(2).value = [2950,2947,2958,2931,2977,2956,2929,2941,2943,2939,2944,2954,2933];
var(2).time  = [0.102524869,0.347545596,0.595150353,0.842713078,1.089774729,1.334852635,1.583029531,1.830132530,2.078315639,2.323171028,2.570097563,2.814374248,3.062076549];

var(3).name = 'u8_Gain_CH1';
var(3).unit = 'mV';
var(3).value = [1,1,1,1,1,1,1,1,1,1,1,1];
var(3).time  = [0.143471348,0.388854713,0.636357455,0.883938963,1.130445393,1.376105337,1.624270857,1.871382547,2.119253834,2.363914179,2.610784397,2.855018896];

var(4).name = 'u16_ADCvoltage1';
var(4).unit = 'mV';
var(4).value = [1094,1060,1076,1056,1053,1066,1091,1084,1062,1044,1083,1082];
var(4).time  = [0.184232377,0.430126548,0.677555143,0.925223003,1.171115740,1.417370858,1.665541310,1.912422097,2.160359227,2.404643832,2.651467805,2.896227803];

var(5).name = 'u16_ADCvoltage2';
var(5).unit = 'mV';
var(5).value = [3004,3008,2998,3017,2990,3002,2990,2981,2997,2977,2992,2992];
var(5).time  = [0.224814151,0.471378987,0.718841228,0.966420942,1.211858267,1.458607962,1.706871928,1.953403803,2.201044084,2.445310698,2.692302277,2.937329469];

var(6).name = 'f32_PainGoesOn';
var(6).unit = '';
var(6).value = [0.000000,0.000000,0.000000,0.000000,0.000000,0.000000,0.000000,0.000000,0.000000,0.000000,0.000000,0.000000];
var(6).time  = [0.265484437,0.513232517,0.760181705,1.008339187,1.252517299,1.500368481,1.748127928,1.996406253,2.241698437,2.488501713,2.733006759,2.978575616];

