%Labskaus measurement data log.
var(1).name = 'u16_ADCvoltage1';
var(1).unit = 'mV';
var(1).value = [1046,1059,1089,1077,1052,1087,1047,1093];
var(1).time  = [0.061802722,0.306638470,0.555639591,0.800946322,1.048882339,1.293053386,1.538128871,1.783200332];

var(2).name = 'u16_ADCvoltage2';
var(2).unit = 'mV';
var(2).value = [2982,3002,2977,3012,2997,2999,2991,2979];
var(2).time  = [0.102860781,0.347297151,0.596781753,0.841565962,1.089541341,1.333716523,1.578803466,1.824107108];

var(3).name = 'u16_ADCvoltage3';
var(3).unit = 'mV';
var(3).value = [2944,2955,2952,2936,2942,2950,2948,2947];
var(3).time  = [0.143768993,0.387955801,0.637759744,0.884739477,1.130199082,1.374375829,1.619458591,1.865359983];

var(4).name = 'u16_ADCvoltage4';
var(4).unit = 'mV';
var(4).value = [2937,2969,2945,2961,2945,2942,2958];
var(4).time  = [0.184564756,0.428871784,0.678695120,0.925614793,1.170862591,1.415034707,1.660162289];

var(5).name = 'u8_Gain_CH1';
var(5).unit = 'mV';
var(5).value = [1,1,1,1,1,1,1];
var(5).time  = [0.225238475,0.470141184,0.719508533,0.966577776,1.211562451,1.455763495,1.700905095];

var(6).name = 'f32_PainGoesOn';
var(6).unit = '';
var(6).value = [0.000000,0.000000,0.000000,0.000000,0.000000,0.000000,0.000000];
var(6).time  = [0.265964257,0.514506996,0.760287927,1.008160559,1.252346917,1.497305082,1.742153990];

