%Labskaus measurement data log.
var(1).name = 'u8_Gain_CH1';
var(1).unit = 'mV';
var(1).value = [1,1,1,1,1,1,1,1,1,1,1,1,1,1,1,1];
var(1).time  = [0.061562892,0.265710069,0.470061531,0.676254011,0.882033927,1.090088824,1.295097066,1.501992284,1.705634818,1.909887771,2.114502679,2.318082521,2.522243303,2.727828591,2.931283821,3.137331309];

var(2).name = 'u16_ADCvoltage1';
var(2).unit = 'mV';
var(2).value = [1084,1042,1061,1054,1086,1092,1058,1041,1050,1085,1058,1085,1045,1085,1050,1056];
var(2).time  = [0.102589112,0.306390075,0.511470019,0.717413676,0.923223797,1.130745520,1.336285286,1.542805568,1.746640511,1.950549284,2.155404828,2.358736201,2.563438584,2.768514941,2.972457149,3.178489892];

var(3).name = 'u16_ADCvoltage2';
var(3).unit = 'mV';
var(3).value = [2961,2980,2996,3011,2998,2981,3022,3000,2993,2994,2989,2995,2996,2979,2990];
var(3).time  = [0.143547802,0.347050649,0.552712598,0.758416923,0.964457096,1.171478349,1.377529144,1.583500872,1.787556918,1.991331976,2.196097449,2.399391069,2.604544895,2.809177440,3.013778445];

var(4).name = 'u16_ADCvoltage3';
var(4).unit = 'mV';
var(4).value = [2974,2964,2940,2952,2944,2943,2933,2964,2969,2958,2958,2962,2950,2959,2948];
var(4).time  = [0.184320644,0.387941476,0.593861282,0.799640036,1.008559351,1.212657821,1.418759443,1.624169519,1.828510433,2.032205343,2.236735510,2.440040609,2.645719523,2.849883842,3.054988094];

var(5).name = 'u16_ADCvoltage4';
var(5).unit = 'mV';
var(5).value = [2924,2942,2940,2943,2962,2949,2963,2945,2946,2943,2941,2945,2959,2932,2941];
var(5).time  = [0.225032692,0.429169398,0.635021017,0.840857511,1.049424734,1.253857313,1.460033403,1.664828319,1.869223681,2.073527699,2.277428007,2.481092250,2.687013964,2.890582555,3.096171205];

