%Blaesshuehner, attacke!!!!!
var(1).value = [3.141500,3.141500,3.141500,3.141500,3.141500,3.141500,3.141500,3.141500,3.141500,3.141500,3.141500,3.141500,3.141500,3.141500,3.141500,3.141500,3.141500,3.141500,3.141500,3.141500,3.141500,3.141500,3.141500,3.141500,3.141500,3.141500,3.141500,3.141500,3.141500,3.141500,3.141500,3.141500,3.141500,3.141500,3.141500,3.141500,3.141500,3.141500,3.141500,3.141500,3.141500,3.141500,3.141500,3.141500,3.141500,3.141500,3.141500,3.141500,3.141500,3.141500,3.141500,3.141500,3.141500,3.141500,3.141500,3.141500,3.141500,3.141500,3.141500,3.141500,3.141500];
var(1).time  = [0.083946136,0.125243236,0.166845830,0.210112209,0.252350681,0.295076881,0.337143800,0.379535471,0.421485169,0.463551203,0.505894243,0.548216180,0.590256842,0.632592195,0.674916437,0.716302653,0.758382205,0.800320556,0.841921263,0.884967558,0.926398715,0.969100733,1.011607165,1.053852610,1.095166596,1.136458980,1.178964136,1.221426853,1.262893070,1.304339268,1.346907443,1.388453499,1.429781492,1.472381218,1.514867301,1.557511373,1.600197445,1.642099771,1.684322246,1.726744913,1.768649097,1.812232525,1.853320678,1.896059162,1.937686740,1.980107029,2.022257443,2.065124546,2.107480679,2.150011110,2.191658646,2.234806359,2.276305448,2.317371982,2.359042461,2.401511783,2.444154279,2.486490119,2.528839539,2.570973234,2.612463467];

