%Blaesshuehner, attacke!!!!!
var(1).value = [100,100,100,100,100,100,100,100,100,100,100,100,100,100,100,100,100,100,100,100,100,100,100,100,100,100,100,100,100,100,100,100,100,100,100,100];
var(1).time  = [0.804509374,1.206738915,1.609878214,2.11432972,2.413388225,5.22101525,5.423878664,8.33810181,17.369281671,17.770242976,18.172647492,18.574486909,18.975431447,19.377368772,19.778471355,20.179539361,20.581749932,20.983209030,21.385028905,21.786750669,22.188594171,22.590688860,22.993378832,23.395310894,23.796735537,24.198512479,24.600356844,25.3141352,25.405105118,25.805991343,26.207122709,26.608842885,27.9764826,27.410981106,27.813308262,28.214666258];

var(2).value = [100];
var(2).time  = [14.56529784];

