%Blaesshuehner, attacke!!!!!
var(1).value = [2953,2958,2963,2948,2943,2946,2950,2941,2940,2948,2952,2942,2965,2938,2953,2940,2945,2951,2940,2947,2948,2947,2976,2963,2960,2940,2953,2966,2956,2950,2959,2956,2936,2942,2942];
var(1).time  = [0.061983167,0.147644915,0.232323089,0.317279886,0.402089574,0.487595501,0.571807466,0.655791878,0.740487802,0.826359383,0.911271055,0.995147060,1.078524836,1.163056975,1.247884269,1.332411384,1.416871861,1.500883338,1.583895610,1.668030233,1.751412585,1.836106194,1.920523962,2.006295894,2.090350623,2.173293651,2.256768408,2.339949094,2.423609449,2.508864859,2.594050190,2.677357803,2.762022792,2.846233736,2.929408141];

var(2).value = [2925,2933,2933,2947,2941,2948,2936,2939,2917,2954,2924,2939,2954,2953,2935,2941,2967,2933,2946,2922,2944,2960,2944,2951,2969,2933,2965,2930,2955,2942,2955,2951,2926,2963,2960];
var(2).time  = [0.104423000,0.189537698,0.275142397,0.359638041,0.445189761,0.530046083,0.613524069,0.698041230,0.783170212,0.868535912,0.952876288,1.037626733,1.122057393,1.205603120,1.289773743,1.374138162,1.458557144,1.542739742,1.626725700,1.710414644,1.793636219,1.878107321,1.963390202,2.048134305,2.131741120,2.214806486,2.298149812,2.382133665,2.466322381,2.551630050,2.635418354,2.719041351,2.804238484,2.888399690,2.971578341];

