%Blaesshuehner, attacke!!!!!
var(1).value = [2994,2988,2991,2996,2975,2997,2982,3004,2999,2980,3015,2993,2994,3010,2990,2998,2989,3001,2994,2989,2996,2988,2992,3001,2987,2994,2998,2981,2989,2992,3026,2994,2987,3014,3013,2993,2989,2996,3002,2988,2989,2988,2984,3000,2988,3005,2996,2977,3022,3003,2991,2981,2975,2987,3009,2999,2986,3003,2999,3000,2997,2993,2998,2990,3005,2979,2981,3006,3005,3007,3018,2995,2974];
var(1).time  = [0.063238636,0.192635689,0.320142997,0.447575044,0.574595962,0.700362458,0.827468858,0.955578025,1.082653849,1.209854443,1.337242386,1.464869910,1.591894048,1.718805309,1.845045101,1.972461046,2.098755099,2.225482096,2.351403928,2.477692755,2.605741287,2.732500453,2.859963434,2.986397770,3.113535024,3.240346893,3.367515985,3.495737060,3.620900491,3.747414048,3.874873798,4.002244368,4.130392665,4.258870206,4.384681993,4.511899972,4.638796557,4.766939862,4.896081031,5.022092045,5.149975668,5.277349236,5.404885900,5.533066960,5.660973940,5.788016030,5.916478343,6.043537632,6.170162858,6.297704938,6.425796803,6.553350101,6.680876149,6.807166737,6.934238983,7.060215314,7.187210266,7.314240056,7.440427044,7.567616536,7.694571797,7.822131538,7.950510831,8.076102025,8.201161189,8.325074135,8.451434599,8.576656285,8.701651287,8.828531343,8.954624149,9.081968403,9.209822817];

var(2).value = [3.141500,3.141500,3.141500,3.141500,3.141500,3.141500,3.141500,3.141500,3.141500,3.141500,3.141500,3.141500,3.141500,3.141500,3.141500,3.141500,3.141500,3.141500,3.141500,3.141500,3.141500,3.141500,3.141500,3.141500,3.141500,3.141500,3.141500,3.141500,3.141500,3.141500,3.141500,3.141500,3.141500,3.141500,3.141500,3.141500,3.141500,3.141500,3.141500,3.141500,3.141500,3.141500,3.141500,3.141500,3.141500,3.141500,3.141500,3.141500,3.141500,3.141500,3.141500,3.141500,3.141500,3.141500,3.141500,3.141500,3.141500,3.141500,3.141500,3.141500,3.141500,3.141500,3.141500,3.141500,3.141500,3.141500,3.141500,3.141500,3.141500,3.141500,3.141500,3.141500,3.141500];
var(2).time  = [0.106372961,0.235534946,0.363159172,0.489596704,0.615898275,0.741793996,0.870401640,0.998698350,1.125737047,1.251274233,1.380398019,1.507108953,1.634658504,1.760881276,1.887816357,2.014760524,2.141086754,2.266953714,2.393747024,2.519836272,2.647842944,2.774964831,2.902385073,3.029331412,3.155842253,3.282623751,3.410460282,3.537004049,3.663039256,3.789673236,3.917590703,4.045335802,4.173341685,4.301424373,4.426979803,4.554152086,4.681963058,4.809628107,4.939332850,5.064494139,5.192202889,5.320572222,5.447953962,5.576316962,5.703531068,5.831143828,5.958920017,6.085874329,6.211995692,6.340973342,6.467989637,6.596382704,6.723302137,6.849561103,6.976556756,7.102249025,7.229488336,7.355783259,7.483528758,7.610537603,7.737692304,7.865332854,7.992755935,8.117640594,8.241957676,8.367137161,8.493242329,8.618102645,8.743506481,8.870291336,8.997594956,9.124204611,9.252268711];

var(3).value = [1052,1060,1058,1096,1049,1054,1056,1093,1072,1061,1044,1095,1084,1056,1084,1091,1090,1048,1079,1058,1075,1056,1048,1048,1056,1092,1084,1058,1060,1088,1089,1052,1061,1057,1053,1086,1054,1048,1051,1085,1082,1084,1045,1090,1084,1085,1060,1047,1056,1047,1085,1044,1058,1094,1088,1047,1062,1081,1086,1048,1052,1053,1056,1085,1049,1061,1045,1081,1052,1096,1081,1054,1044];
var(3).time  = [0.149611423,0.277763353,0.405090461,0.532382150,0.657859114,0.784517174,0.912792826,1.040462712,1.167216364,1.294171200,1.422336575,1.549269248,1.677154105,1.803510622,1.930346882,2.056551712,2.182357687,2.309817707,2.435474407,2.562665810,2.689761651,2.817748378,2.943960586,3.071767807,3.198086172,3.325094103,3.452696466,3.579326872,3.704982700,3.831894121,3.960051003,4.088327367,4.215729013,4.344058474,4.469658370,4.596447023,4.724873911,4.852862501,4.980712290,5.107688520,5.234685776,5.362714655,5.490296295,5.618974690,5.745618307,5.873807377,6.001705487,6.128506693,6.254593861,6.383424027,6.510249959,6.639499391,6.764683272,6.892735015,7.018119369,7.145400595,7.271831052,7.398402384,7.525411340,7.652353484,7.780357676,7.908369797,8.034624201,8.159414679,8.282939913,8.409474301,8.534642445,8.659522592,8.786485813,8.912631593,9.039413270,9.167286962,9.296240025];

