%Blaesshuehner, attacke!!!!!
var(1).value = [100,100,100,100,100,100,100,100,100,100,100,100,100,100,100,100,100,100,100,100,100,100,100,100,100,100,100,100,100,100,100,100,100,100,100,100,100,100,100,100,100,100,100,100,100,100,100];
var(1).time  = [0.803636908,1.205546075,1.608215313,2.9906173,2.411650006,2.813445723,3.214852105,3.616673230,4.18689737,4.420398076,4.822269893,5.224243245,5.625238938,6.26158054,6.428259172,6.829356318,7.231391591,7.633834537,8.36334352,9.243339543,9.644950765,10.47255161,10.449070550,11.654659915,12.860699498,13.262584587,13.664469603,14.66299444,14.468164272,14.869978016,15.272516247,15.674282635,16.76062279,16.478030363,16.880767849,17.282469574,17.684156551,18.86844615,18.489152031,18.890546242,19.292768906,19.694065730,20.96816403,20.499038104,20.900665347,21.302729535,21.704210045];

var(2).value = [4,4,4,4,4,4];
var(2).time  = [8.438760456,8.840862453,10.851833590,11.253268267,12.56428531,12.458898148];

