%Blaesshuehner, attacke!!!!!
var(1).value = [1092,1088,1093,1063,1053,1077,1053,1047,1090,1056,1060,1061,1086,1056,1048,1050,1047,1088,1056,1050,1066,1096,1083,1052,1064,1064,1046,1092,1084,1051,1058,1088,1054,1056,1046,1088,1080,1053,1091,1056,1096,1056,1089,1048,1092,1053,1056,1046,1088,1060,1060,1090,1046,1056,1050,1050,1050,1097,1080,1056,1089,990,980,975,949,988,1060,1060,1085,1064,1096,1068,1079,1086,1077,1069,1058,1096,1092,1085,1047,1056,1054,1083,1060,1058,1084,1051,983,987,1007,1048,1061,1081,1057,1089,1051,1087,1058,1084,1097,1080,1095,1054,1097,1052,1076,1059,1062,1085,1086,1047,1064,1076,1049,1052,1052,1070,1096,1046,1066,1051,1050,1057,1096,1088,1092,1050,1068,1054];
var(1).time  = [0.802298841,1.204388608,1.606814823,2.8011283,2.410818009,2.812872118,3.215590200,3.616954574,4.19783106,4.421142960,4.823151763,5.224610200,5.626421465,6.28399291,6.430857358,6.832311545,7.234266750,7.635684268,8.37846138,8.439081687,8.841836916,9.242988555,9.645736167,10.47115301,10.449282298,10.850704043,11.253477323,11.654824334,12.57732354,12.459028386,12.861626697,13.262780273,13.665784193,14.67384009,14.468256621,14.870160012,15.273236140,15.674543846,16.76487906,16.478156746,16.879833203,17.281510930,17.684128173,18.85675906,18.488672472,18.890505517,19.292421927,19.694262543,20.95984520,20.496986721,20.898087949,21.300666752,21.702585638,22.105527975,22.508547930,22.909397562,23.312938597,23.714703418,24.115512959,24.517240288,24.918870280,25.320759912,25.722670083,26.124536209,26.526404287,26.928812711,27.330500950,27.732350985,28.133837483,28.535660465,28.938189335,29.340337437,29.741267290,30.143881497,30.546069787,30.947795435,31.348982234,31.750838217,32.151927799,32.553807724,32.955729897,33.358399473,33.759564746,34.162194641,34.563361585,34.966548101,35.367756675,35.770531382,36.171842776,36.573717907,36.975509605,37.378114634,37.780128358,38.183323487,38.584542579,38.986757789,39.388039235,39.790890054,40.193008827,40.595760143,40.997439275,41.399785871,41.801710838,42.203165355,42.604095169,43.6566559,43.407714754,43.809205808,44.210432815,44.613176591,45.14131926,45.417037235,45.818762627,46.221860816,46.623414414,47.25387958,47.426543656,47.828439998,48.229924450,48.630847499,49.32886979,49.434468950,49.836402781,50.237997814,50.639701930,51.42782686,51.444747737,51.846026864,52.249319217,52.651449107];

