%Blaesshuehner, attacke!!!!!
var(1).value = [2998,2980,2997,2994,2981,2972,3001,2996,3017,2974,2994,2984,2985,2990,2996,2993,2994,3002,2991,2997,2988,2982,2994,3004,3005,2994,2991,2994,2977,2999,3002,2984,2976,3001,2993,2976,3013,2996,2980,2974,2993,2995,3001,2975,2961,2998,2979,3005,2991,2981,2988,2977,2995,2986,3008,2991,3009,3008,2987,3001,2959,2962,2987,2985,2983,2977,2974,3009,2991,2980,3007,3001,3012,2972,3003,2993,2992,2979,2973,2976,3015,2991,3002,2953,2992,2985,2991,2982,2995,2983,2994,2969,2983,2986,2996,3000,3001,2987,2990,2996,2984,3000,2994,2985,2985,3001,2978,2978,2997,2994,2995,2990,2990,3009,3003,2987,2988,2998,3002,2999,2983,3000,2988,2999,2987,2985,2978,2994,2990,2989,2989,2986,3011,2993,2980,2997,3015,2993,3010,2971,2987,2993,3003,2982,2996,2984,2994,2997,2986,3003,3002,3004,2983,2996,2999,2985,2982,2999,2976,2990,2984,2999,3001,3002,2995,2997,2995,2976,2980,2980,2979,2990,3003,2987,2989,2993,2985,3003,3010,3004,2987,2991,2996,2988,3002,2987,2991,2997,2986,2995,2998,2993,2983,2989,3001,2985,2997,2988,2989,2985,2993,2990,3010,2994,2995,2997,2991,2983,2998,2996,3006,2977,2955,2960,2991,3009,2982,3004,2968,2988,2995,3003,2993,2996,2974,2996,2988,2998,2987,2982,2994,3004,3012,3010,3001,3001,2998,2991,2985,3017,2984];
var(1).time  = [0.084106315,0.169181524,0.254765939,0.339478658,0.424844269,0.509960648,0.594511152,0.679738657,0.763835420,0.849249409,0.934256312,1.018849404,1.103496730,1.187542316,1.271797855,1.355881195,1.440360919,1.525175151,1.610361919,1.695613840,1.780909405,1.865282441,1.950337859,2.035221801,2.120489936,2.206459574,2.291965160,2.376916766,2.463046568,2.547356723,2.632379168,2.717431377,2.802446593,2.887638297,2.972470933,3.057705842,3.142187245,3.226584843,3.311463547,3.395767594,3.480936514,3.566026830,3.650830628,3.735403381,3.819841837,3.903818637,3.987910520,4.072260543,4.156441217,4.241917680,4.326367695,4.409521231,4.494381933,4.579253994,4.664145086,4.750190705,4.834869211,4.920168004,5.004770792,5.090239667,5.175019045,5.260051298,5.344929269,5.429528028,5.513332033,5.598557242,5.683625777,5.768667850,5.852958369,5.937697230,6.023240800,6.107964431,6.192014693,6.277933869,6.362521260,6.447880842,6.534024294,6.619688295,6.703500166,6.787896270,6.872456369,6.957932909,7.042230030,7.127674201,7.212891789,7.297450177,7.382996406,7.468536554,7.553157578,7.637968057,7.721813746,7.806963205,7.891173534,7.975229157,8.059567555,8.144527143,8.230728421,8.315778986,8.399847191,8.484884886,8.570534035,8.655334875,8.739942582,8.824857576,8.910049161,8.994904308,9.079347187,9.164450768,9.248789200,9.333611091,9.418022818,9.502659116,9.586158301,9.671424442,9.756410132,9.841689971,9.925394199,10.010855167,10.095943025,10.181084129,10.264625724,10.349976441,10.435177587,10.519754646,10.604861351,10.689793444,10.774798282,10.859581074,10.943842579,11.028063500,11.113111683,11.198357140,11.282713849,11.368528230,11.451976045,11.536932588,11.621389878,11.707005630,11.792440757,11.878054696,11.963245477,12.048035388,12.131968917,12.216854647,12.301360559,12.386324301,12.471707175,12.557082881,12.641487731,12.725803316,12.811571716,12.896669911,12.982038488,13.066435470,13.151307622,13.235081282,13.319957882,13.404894196,13.489176793,13.574597547,13.659591508,13.744085134,13.828452057,13.913817285,13.998641853,14.082395955,14.166989719,14.250711322,14.334577840,14.419513331,14.503800020,14.589197969,14.674762115,14.759315703,14.844003488,14.928235411,15.013898747,15.098770867,15.183931649,15.269078180,15.353850006,15.438303993,15.523558026,15.608235109,15.693593840,15.778905373,15.863213797,15.947817632,16.032194700,16.117500785,16.202570806,16.287577408,16.373073620,16.458104667,16.543259558,16.628496226,16.713844282,16.798989190,16.884431103,16.968950024,17.052487732,17.137397027,17.222386466,17.306478266,17.392110808,17.477189980,17.561627473,17.646372304,17.731412718,17.816113154,17.901322473,17.986251257,18.071084640,18.155399525,18.241038153,18.325646262,18.408876791,18.492530165,18.578039563,18.663103947,18.748265409,18.832235751,18.916579051,19.001543623,19.087181278,19.171757100,19.256164134,19.340682017,19.425120891,19.510013964,19.594192934,19.679428736,19.764252292,19.848890207,19.932623964,20.016891015,20.102055620,20.186664149,20.271744270,20.357283277,20.441880033];

var(2).value = [1060,1060,1052,1088,1082,1078,1093,1056,1050,1086,1048,1088,1086,1058,1052,1062,1060,1082,1054,1052,1044,1095,1047,1054,1087,1090,1053,1091,1082,1086,1053,1085,1082,1046,1083,1056,1083,1059,1048,1046,1049,1056,1048,1056,1058,1091,1049,1062,1086,1044,1045,1057,1044,1044,1060,1056,1088,1082,1088,1053,1085,1087,1052,1076,1057,1054,1090,1049,1050,1086,1046,1046,1083,1094,1045,1048,1057,1052,1043,1066,1066,1048,1053,1049,1041,1075,1089,1070,1095,1049,1076,1080,1053,1095,1085,1046,1090,1090,1062,1056,1085,1094,1046,1064,1042,1093,1095,1090,1046,1053,1053,1048,1055,1095,1081,1046,1083,1086,1080,1084,1077,1084,1051,1043,1090,1015,994,956,975,1003,959,926,947,964,939,970,968,962,973,996,994,1025,1052,1051,1058,1054,1052,1062,1090,1050,1097,1094,1082,1060,1045,1086,1092,1056,1044,1044,1082,1050,1054,1084,1043,1076,1048,1060,1047,1054,1054,1043,1056,1052,1052,1062,1065,1056,1053,1051,1055,1050,1042,1089,1052,1046,1048,1081,1052,1059,1089,1054,1059,1050,1048,1086,1061,1049,1086,1094,1080,1086,1083,1093,1083,1079,1051,1044,1048,1084,1048,1051,1054,1043,1052,1052,1055,1094,1051,1085,1047,1081,1048,1082,1087,1043,1048,1066,1052,1056,1044,1065,1048,1057,1053,1049,1083,1076,1050,1062,1049];
