%Blaesshuehner, attacke!!!!!
var(1).value = [3.141500,3.141500,3.141500,3.141500,3.141500,3.141500,3.141500,3.141500,3.141500,3.141500,3.141500,3.141500,3.141500,3.141500,3.141500,3.141500,3.141500,3.141500,3.141500,3.141500,3.141500,3.141500,3.141500,3.141500,3.141500,3.141500,3.141500,3.141500,3.141500,3.141500,3.141500,3.141500,3.141500,3.141500,3.141500,3.141500,3.141500,3.141500,3.141500,3.141500,3.141500,3.141500,3.141500,3.141500,3.141500,3.141500,3.141500,3.141500,3.141500,3.141500,3.141500,3.141500,3.141500,3.141500,3.141500,3.141500,3.141500,3.141500,3.141500,3.141500,3.141500,3.141500,3.141500,3.141500,3.141500,3.141500,3.141500,3.141500,3.141500,3.141500,3.141500,3.141500,3.141500,3.141500,3.141500,3.141500,3.141500,3.141500,3.141500,3.141500,3.141500,3.141500,3.141500,3.141500,3.141500,3.141500,3.141500,3.141500,3.141500,3.141500,3.141500,3.141500,3.141500,3.141500,3.141500,3.141500,3.141500,3.141500,3.141500,3.141500,3.141500,3.141500,3.141500,3.141500,3.141500,3.141500,3.141500,3.141500,3.141500,3.141500,3.141500,3.141500,3.141500,3.141500,3.141500,3.141500,3.141500,3.141500,3.141500,3.141500,3.141500,3.141500,3.141500,3.141500,3.141500,3.141500,3.141500,3.141500,3.141500,3.141500,3.141500,3.141500,3.141500,3.141500,3.141500,3.141500,3.141500,3.141500,3.141500,3.141500,3.141500,3.141500,3.141500,3.141500,3.141500,3.141500,3.141500,3.141500,3.141500,3.141500,3.141500,3.141500,3.141500,3.141500,3.141500];
var(1).time  = [0.085044236,0.127492791,0.169694899,0.212609516,0.255032367,0.297597680,0.339373884,0.381232822,0.423388217,0.466104559,0.508400132,0.550230821,0.592205349,0.633648233,0.675253167,0.718393185,0.760703416,0.803260671,0.845024487,0.886727546,0.928830909,0.971488510,1.013990139,1.056151634,1.098107665,1.139734112,1.181534176,1.224402839,1.266238363,1.309322429,1.351542304,1.394126056,1.436206939,1.477705884,1.519965071,1.562558130,1.604291860,1.646321116,1.687566362,1.729851061,1.772006823,1.814193364,1.856082489,1.898725612,1.940267975,1.983245647,2.025572592,3.247320862,3.290334054,3.331485671,3.372874442,3.416023285,3.457605862,6.534744008,6.576842080,6.619316196,6.659983815,6.997210856,7.040138678,7.082151530,7.124192443,7.166186453,9.400938343,9.442853386,9.485625888,9.527555424,9.866129280,9.907844422,9.949704582,9.991942153,12.396096185,12.438366175,12.481244114,12.524116033,13.499942336,13.542765780,13.585660863,13.628123380,16.240302561,16.282248513,16.322897701,16.365247528,16.407960250,16.450408369,16.493366902,16.535957525,16.578556781,16.620572427,16.662395963,16.705581561,16.747679186,16.790197995,16.832451368,16.874787916,16.917004144,16.957969297,17.001085788,17.044223311,17.087198239,17.129572577,17.171749074,17.213255386,17.255308119,17.296681202,17.338693432,17.380649942,17.424234543,17.466041158,17.508401863,17.549651797,17.591351533,17.632414555,17.674850629,17.717696863,17.759918711,17.801233735,17.844281289,17.886542918,17.928120717,17.970134151,18.011642087,18.053871220,18.096085038,18.137727254,18.179812913,18.222195907,18.263723223,18.305301799,18.347496308,18.390133115,18.431516995,18.472388049,18.513765116,18.555579417,18.598280370,18.640868867,18.683465365,18.725213628,18.768014499,18.809182647,18.851059313,18.893838100,18.936668888,18.979528799,19.021831823,19.064165123,19.106517803,19.149002226,19.191406471,19.234688838,19.277414690,19.319587539,19.362030844,19.403266923,19.446141529];

var(2).value = [1047,1081,1053,1082,1082,1075,1093,1085,1053,1053,1063,1051,1047,1046,1081,1088,1045,1053,1061,1047,1050,1082,1082,1084,1081,1090,1094,1046,1084,1050,1090,1044,1056,1054,1056,1052,1085,1053,1081,1057,1048,1046,1044,1055,1048,1093,1042,1080,1058,1095,1084,1090,1054,1087,1081,1044,1091,1042,1045,1082,1048,1045,1056,1052];
var(2).time  = [2.067550417,2.109831870,2.151535760,2.192663379,2.235308934,2.277059541,2.319458486,2.361719917,2.404314763,2.446511813,2.489363751,2.531575304,2.572768042,2.613269739,2.654046034,2.696089504,2.738408502,2.780510982,2.822873545,2.864897797,2.906404346,2.948275126,2.991009534,3.032820963,3.075263749,3.117340446,3.160626770,3.204528882,6.701073927,6.743170874,6.785283485,6.826712908,6.869827368,6.911877094,6.954735296,9.569575183,9.611144877,9.653271794,9.696135770,9.738839500,9.780640649,9.823665202,12.567134302,12.609795794,12.651884133,12.694138026,12.737197271,12.779783691,12.822261964,12.864609782,12.906963083,12.949608384,12.991663038,13.034278142,13.077234503,13.119702003,13.161992670,13.204710138,13.247478235,13.289897725,13.331480187,13.374224425,13.416290914,13.457530360];

var(3).value = [-70000,-70000,-70000,-70000,-70000,-70000,-70000,-70000,-70000,-70000,-70000,-70000,-70000,-70000,-70000,-70000,-70000,-70000,-70000,-70000,-70000,-70000,-70000,-70000,-70000,-70000,-70000,-70000,-70000,-70000,-70000,-70000,-70000,-70000,-70000,-70000,-70000,-70000];
var(3).time  = [3.500251840,3.542216005,3.585337399,3.627501911,3.669810738,6.366342049,6.407289832,6.450299622,6.492430589,7.208711136,7.250806696,7.292446238,7.334657004,7.377522933,9.188062929,9.230052421,9.273062409,9.314433250,9.358070912,10.034620247,10.077565748,10.120446159,10.163304666,10.205731226,12.225978858,12.268125294,12.310386006,12.353034969,13.669616274,13.712409480,13.753418962,13.795721090,13.837731010,16.029798367,16.072100621,16.113935969,16.155481416,16.198015718];

var(4).value = [70000,70000,70000,70000,70000,70000,70000,70000,70000,70000,70000,70000,70000,70000,70000,70000,70000,70000,70000,70000,70000,70000,70000,70000,70000,70000,70000,70000,70000,70000,70000,70000,70000,70000,70000,70000];
var(4).time  = [3.711287974,3.753115113,3.795837565,3.838895529,3.881887419,6.198889535,6.240788494,6.282961594,6.324091846,7.419743526,7.461258706,7.503150665,7.545569510,8.977456691,9.018838580,9.061021372,9.102717053,9.145988698,10.248896685,10.290811314,10.333761802,10.376150539,12.013042060,12.056129216,12.098878472,12.141509904,12.183575883,13.880889238,13.923047341,13.965645178,14.007753076,15.818065346,15.859633395,15.902396222,15.945539062,15.987963187];

var(5).value = [-300,-300,-300,-300,-300,-300,-300,-300,-300,-300,-300,-300,-300,-300,-300,-300,-300,-300,-300,-300,-300,-300,-300,-300,-300,-300,-300,-300,-300,-300,-300,-300,-300,-300,-300,-300,-300,-300,-300,-300,-300,-300];
var(5).time  = [3.925020693,3.967396944,4.009480477,4.051339478,4.092849115,4.135402461,4.177820936,4.219153825,5.985768957,6.027519417,6.070546026,6.113825884,6.156447120,7.587958642,7.629685569,7.671301450,7.713756086,7.756617706,8.765038524,8.807015487,8.850149226,8.892398412,8.935198924,10.416744350,10.459227993,10.501382310,10.543728434,10.585709588,11.804284919,11.845734235,11.888751889,11.930716948,11.971643583,14.049602560,14.091950599,14.134074920,14.176220985,14.218998948,15.647960880,15.689996789,15.732115099,15.774989873];

var(6).value = [300,300,300,300,300,300,300,300,300,300,300,300,300,300,300,300,300,300,300,300,300,300,300,300,300,300,300,300,300,300,300,300,300,300,300,300,300,300,300,300,300,300];
var(6).time  = [4.260676195,4.301621932,4.344150797,4.385752067,4.427210427,4.470209733,4.513135773,4.554785320,4.596826274,4.638532796,4.681478236,5.816560608,5.858950003,5.901540927,5.943236146,7.798601565,7.841946672,7.883723816,7.925641645,8.599553406,8.640594147,8.681461826,8.722125645,10.627292010,10.668563102,10.710071500,10.751575884,10.792862315,11.595781223,11.637443875,11.679327855,11.720393659,11.761780493,14.260763140,14.301838429,14.343333323,14.384962636,15.435328062,15.477822980,15.520371192,15.563440102,15.605044386];

var(7).value = [-2,-2,-2,-2,-2,-2,-2,-2,-2,-2,-2,-2,-2,-2,-2,-2,-2,-2,-2,-2,-2,-2,-2,-2,-2,-2,-2,-2,-2,-2,-2,-2,-2,-2,-2,-2,-2,-2,-2,-2,-2];
