%Blaesshuehner, attacke!!!!!
var(1).value = [3.141500,3.141500,3.141500,3.141500,3.141500,3.141500,3.141500,3.141500,3.141500,3.141500,3.141500,3.141500,3.141500,3.141500,3.141500,3.141500,3.141500,3.141500,3.141500];
var(1).time  = [0.803981344,1.206612729,1.607829105,2.10341969,2.411492602,2.813266600,3.214138693,3.616509109,4.17837755,4.420374573,4.821706838,5.223468745,5.624542054,6.26933656,6.428367388,6.829515341,7.232426900,7.635026349,8.35845014];

