%Blaesshuehner, attacke!!!!!
var(1).value = [1076,1043,1074,1094,1090,1077,1080,1052,1048,1044,1074,1082,1084,1048,1052,1056,1048,1074,1085,1090,1088,1044,1042,1094,1086,1082,1048,1076,1048,1082,1073,1074,1094,1043,1081,1051,1044,1080,1080,1062,1086,1052,1093,1095,1059,1051,1062,1047,1056,1051,1082,1060,1051,1092,1082,1088,1054,1086,1081,1066,1083,1042,1082,1049,1088,1056,1082,1050,1076,1090,1047,1088,1094,1084,1060,1045,1058,1082,1072,1048,1050,1046,1042,1056,1051,1043,1095,1085,1055,1052,1086,1083,1082,1047,1048,1087,1076,1052,1055,1082,1094,1054,1081,1043,1090,1075,1090,1051,1046,1048,1085,1042,1056,1062,1081,1083,1056,1088,1046,1049,1086,1053,1044,1083,1077,1054,1075,1086,1080,1076,1091,1049,1090,1077,1094,1084,1052,1085,1043,1091,1056,1053,1056,1081,1080,1076,1089,1077,1078,1049,1044,1087,1044,1094,1052,1046,1086,1060,1085,1057,1053,1048,1056,1060,1088,1094,1092,1043,1056,1050,1086,1053,1089,1049,1082,1065,1091,1094,1049,1056,1052,1056,1085,1088,1093,1084,1083,1081,1045,1051,1091,1079,1049,1078,1045,1048,1087,1090,1080,1081,1055,1045,1045,1077,1081,1078,1076,1046,1042,1047,1049,1081,1084,1066,1076,1042,1083,1084,1052,1083,1052,1053,1096,1046,1075,1051,1076,1044,1082,1090,1056,1081,1094,1094,1086,1084,1057,1062,1048,1061,1050,1058,1048,1085,1047,1052,1080,1081,1047,1070,1084,1062,1093,1069,1061,1080,1082,1054,1048,1082,1047,1060,1077,1053,1052,1088,1044,1052,1090,1045,1044,1052,1089,1052,1082,1084,1054,1095,1084,1051,1071,1094,1090,1054,1081,1076,1044,1082,1055,1076,1061,1059,1049,1061,1049,1088,1051,1082,1048,1044,1051,1052,1090,1050,1052,1094,1081,1047,1049,1043,1052,1056,1046,1064,1090,1042,1050,1054,1081,1080,1090,1055,1046,1086,1083,1046,1066,1087,1054,1045,1078,1052,1048,1087,1056,1048,1049,1080,1083,1090,1048,1043,1060,1058,1054,1064,1050,1043,1085,1045,1093,1042,1051,1088,1094,1081,1077,1046,1047,1051,1056,1041,1048,1076,1054,1090,1049,1078,1083,1057,1049,1059,1043,1054,1085,1056,1065,1056,1049,1072,1052,1051,1077,1092,1090,1044,1058,1084,1051,1088,1090,1056,1093,1052,1049,1053,1044,1056,1084,1090,1058,1051,1082,1077,1048,1082,1048,1046,1076,1093,1056,1052,1041,1084,1091,1055,1081,1054,1089,1092,1080,1048,1058,1056,1072,1061,1088,1081,1088,1072,1052,1051,1090,1052,1082,1084,1085,1082,1081,1080,1089,1082,1093,1087,1070,1043,1052,1093,1080,1088,1082,1093,1093,1056,1075,1058,1054,1047,1056,1059,1052,1055,1081,1051,1079,1040,1072,1094,1077,1090,1052,1055,1084,1090,1044,1087,1090,1086,1091,1094,1075,1043,1078,1075,1044,1090,1044,1094,1085,1044,1093,1082,1093,1047,1048,1049,1078,1044,1093,1048,1072,1049,1093,1056,1046,1056,1055,1082,1065,1046,1094,1078,1044,1044,1071,1087,1054,1052,1054,1051,1054,1056,1060,1062,1064,1088,1084,1071,1085,1085,1088,1092,1084,1090,1057,1046,1088,1048,1084,1049,1045,1048,1054,1052,1088,1090,1059,1056,1090,1076,1079,1048,1089,1084,1084,1082,1048,1093,1084,1056,1079,1094,1053,1054,1050,1051,1042,1085,1053,1083,1082,1086,1058,1048,1093,1043,1078,1088,1086,1043,1083,1082,1082,1084,1041,1047,1089,1045,1086,1058,1048,1076,1056,1059,1075,1053,1060,1054,1087,1053,1051,1060,1055,1052,1046,1082,1059,1086,1084,1045,1081,1055,1047,1090,1093,1077,1095,1085,1048,1076,1053,1049,1044,1054,1086,1054,1048,1048,1052,1051,1053,1044,1056,1082,1054,1081,1059,1048,1055,1090,1051,1083,1050,1077,1072,1043,1086,1049,1085,1089,1080,1076,1086,1082,1066,1090,1094,1071,1051,1042,1090,1080,1051,1088,1082,1072,1088,1093,1089,1045,1047,1056,1081,1094,1050,1048,1054,1083,1051,1073,1048,1043,1089,1054,1060,1046,1045,1082,1058,1086,1076,1052,1048,1042,1079,1050,1056,1043,1055,1094,1077,1084,1048,1046,1042,1082,1090,1054,1056,1051,1047,1089,1086,1076,1083,1051,1054,1083,1051,1081,1050,1042,1045,1084,1052,1094,1043,1084,1048,1081,1043,1053,1080,1048,1088,1088,1056,1081,1060,1080,1084,1075,1043,1086,1090,1094,1085,1091,1056,1061,1048,1045,1089,1050,1048,1066,1049,1053,1093,1077,1080,1094,1058,1057,1049,1081,1081,1049,1066,1088,1092,1046,1082,1090,1062];
var(1).time  = [0.083560422,0.124980853,0.166065870,0.207915287,0.249979009,0.291304109,0.332999790,0.375861490,0.418174274,0.459597868,0.501237441,0.543247545,0.584519158,0.626656589,0.669231965,0.712146428,0.754651593,0.797177998,0.838508366,0.881213306,0.923122814,0.966194224,1.008572119,1.051211238,1.092963213,1.134418691,1.177651038,1.219140516,1.262123406,1.304519446,1.346609905,1.389403405,1.431529966,1.474133897,1.515722153,1.558401190,1.600327271,1.642931781,1.685315295,1.728146187,1.770113310,1.811488757,1.854032423,1.896187495,1.938095870,1.980406505,2.023110267,2.066017580,2.108227629,2.150477802,2.192031062,2.234316799,2.275763652,2.317801806,2.359819178,2.402265432,2.443985233,2.486686878,2.529694064,2.571728729,2.614084264,2.656419746,2.699174141,2.741508444,2.782742516,2.824898738,2.867640346,2.909723522,2.951642162,2.993550580,3.035313447,3.078102800,3.118989150,3.159547315,3.201425227,3.243011916,3.284248367,3.325214265,3.366990965,3.409615832,3.452044280,3.494262181,3.536944086,3.579165368,3.621244474,3.662989251,3.704553732,3.746359198,3.787554801,3.830707637,3.873404698,3.914805254,3.957921493,4.000482787,4.042923020,4.084262734,4.126488647,4.169299035,4.211436202,4.252962901,4.295201492,4.336315109,4.377338142,4.419008890,4.462413461,4.504462331,4.545610597,4.587487342,4.629834653,4.671892363,4.714873967,4.757200080,4.798723711,4.841622407,4.883583406,4.925803083,4.967319330,5.010406294,5.053311578,5.095863391,5.137314168,5.178547035,5.220639869,5.262907259,5.305103293,5.346816986,5.388646234,5.430092113,5.471021740,5.514358139,5.556979092,5.599935030,5.642003002,5.683769913,5.726641237,5.768992624,5.811697657,5.854424141,5.896251143,5.938477219,5.980900712,6.023723642,6.066284993,6.107743312,6.148886069,6.189511991,6.230981470,6.271625549,6.313280036,6.354992109,6.396912739,6.439365306,6.482253049,6.524606065,6.566666489,6.607992608,6.649961311,6.692324457,6.734139261,6.776678001,6.819106447,6.861264951,6.903508774,6.946325394,6.988663991,7.029563196,7.071862791,7.113607043,7.155363636,7.197646814,7.239249439,7.282386902,7.324073159,7.366818244,7.408276727,7.450988189,7.493271232,7.535848746,7.578469220,7.619987539,7.662968990,7.705971289,7.747885840,7.790057179,7.832596239,7.875004515,7.915814880,7.958689436,8.001624721,8.044270126,8.085704767,8.127047504,8.170006893,8.212331684,8.254648229,8.297839500,8.340118315,8.382438882,8.425043514,8.468000197,8.510234570,8.552030764,8.593687381,8.634890877,8.676442904,8.719344418,8.761324002,8.804025322,8.845637646,8.888029216,8.928565914,8.970002763,9.012353402,9.053031278,9.095961505,9.137812104,9.179349201,9.221285126,9.263517748,9.304965377,9.346484685,9.388853144,9.431084960,9.473217550,9.514665276,9.557299172,9.599846950,9.642666816,9.684943029,9.727573898,9.770004321,9.812529514,9.855067198,9.897226229,9.939214970,9.980318797,10.022205896,10.064472184,10.105929774,10.147463923,10.189712907,10.231975371,10.274341157,10.316037387,10.357949081,10.399293108,10.441414888,10.483914275,10.525553081,10.568221123,10.611120771,10.654244918,10.696299374,10.738525781,10.781307545,10.824051823,10.866138670,10.908289572,10.950746568,10.992183542,11.034545534,11.076004904,11.118208547,11.160676470,11.203568118,11.246209694,11.288862979,11.331478074,11.373974770,11.415652008,11.457924263,11.500344872,11.541671504,11.583165776,11.625231007,11.666753473,11.708695934,11.751401385,11.793924042,11.836557553,11.878224193,11.921457235,11.962899730,12.005613688,12.047502934,12.088856195,12.129956741,12.170770826,12.212032455,12.252944652,12.294724877,12.335593022,12.376834682,12.418529111,12.459336332,12.502243177,12.544733810,12.587111648,12.630267273,12.673043635,12.715516605,12.757459427,12.799130994,12.842385263,12.884949064,12.926765046,12.968314937,13.011273381,13.053620696,13.095769307,13.138358945,13.181165076,13.223224182,13.266308394,13.308099587,13.350002613,13.393197567,13.434111587,13.475641409,13.517105065,13.558669403,13.600876757,13.643253363,13.686209546,13.728187550,13.770987368,13.813506001,13.856112496,13.898326752,13.939663745,